2.0, 0.0007661340786708963, 0.0007241224617650917, 4.2011616905804653e-5
4.0, 0.0003945019137212312, 0.00037936700844754553, 1.5134905273685639e-5
6.0, 0.0002710102790621408, 0.0002656335277242435, 5.376751337897304e-6
8.0, 0.00020957796265419425, 0.00020980112781876276, -2.2316516456850574e-7
10.0, 0.00017299146129718125, 0.00017727162199911796, -4.280160701936709e-6
12.0, 0.00014884907175115962, 0.00015654004164286208, -7.690969891702463e-6
14.0, 0.00013183875696720022, 0.00014270649207175483, -1.086773510455461e-5
16.0, 0.00011930778202908789, 0.0001333563017961935, -1.4048519767105615e-5
18.0, 0.00010978613882898278, 0.0001271894936451647, -1.740335481618191e-5
20.0, 0.00010239619011293722, 0.0001234761329214879, -2.107994280855069e-5
22.0, 9.658468772368161e-5, 0.00012181346251375257, -2.522877479007095e-5
24.0, 9.198926942948949e-5, 0.00012201081327352065, -3.002154384403116e-5
26.0, 8.836724170504582e-5, 0.00012403633466552473, -3.5669092960478914e-5
28.0, 8.555581409955965e-5, 0.0001279986523956907, -4.2442838296131064e-5
30.0, 8.344953829365002e-5, 0.00013415278280045994, -5.070324450680992e-5
32.0, 8.198800032095064e-5, 0.00014292731874247645, -6.093931842152581e-5
34.0, 8.115022188938353e-5, 0.0001549734745304361, -7.382325264105258e-5
36.0, 8.09536454717827e-5, 0.00017123555895664017, -9.028191348485747e-5
38.0, 8.145518645840205e-5, 0.00019302981998428164, -0.0001115746335258796
40.0, 8.274800399160522e-5, 0.0002220724493878438, -0.00013932444539623858
42.0, 8.493579533081157e-5, 0.0002602660019544838, -0.00017533020662367224
44.0, 8.804075195595247e-5, 0.0003087710060336946, -0.00022073025407774212
46.0, 9.178086035984857e-5, 0.0003656253018702623, -0.0002738444415104137
48.0, 9.526660948674626e-5, 0.00042207124009366483, -0.00032680463060691855
50.0, 9.708632898513733e-5, 0.00046143572474526825, -0.0003643493957601309
52.0, 9.62973157172199e-5, 0.0004666996378494766, -0.00037040232213225667
54.0, 9.336506447718158e-5, 0.0004333396176249874, -0.0003399745531478058
56.0, 8.964889658052253e-5, 0.00037325924229588195, -0.00028361034571535945
58.0, 8.631068601209226e-5, 0.0003055443301973608, -0.00021923364418526854
60.0, 8.389643123943779e-5, 0.00024451618424297544, -0.00016061975300353764
62.0, 8.248602584865823e-5, 0.00019567993775025173, -0.0001131939119015935
64.0, 8.196035549073686e-5, 0.00015880371334142277, -7.684335785068591e-5
66.0, 8.216786839380023e-5, 0.0001316359439016154, -4.946807550781518e-5
68.0, 8.2991808149975e-5, 0.00011177351104572631, -2.878170289575131e-5
70.0, 8.436217086120503e-5, 9.726516190455912e-5, -1.2902991043354091e-5
72.0, 8.624055593256779e-5, 8.666302457788242e-5, -4.224686453146298e-7
74.0, 8.860888141103502e-5, 7.892489691280484e-5, 9.68398449823018e-6
76.0, 9.146769045788799e-5, 7.33143548687593e-5, 1.8153335589128684e-5
78.0, 9.483655894044922e-5, 6.931784655729353e-5, 2.551871238315569e-5
80.0, 9.875426714464738e-5, 6.657991635037254e-5, 3.217435079427485e-5
82.0, 0.00010327954342030332, 6.485624396798894e-5, 3.842329945231438e-5
84.0, 0.00010849317514708304, 6.398143577903e-5, 4.451173936805304e-5
86.0, 0.00011450196826533646, 6.384768672169625e-5, 5.0654281543640215e-5
88.0, 0.00012144504516557744, 6.439107577830589e-5, 5.7053969387271556e-5
90.0, 0.00012950320865960844, 6.558323114983437e-5, 6.391997750977408e-5
92.0, 0.0001389124760569595, 6.74269407457839e-5, 7.148553531117559e-5
94.0, 0.00014998332367287582, 6.995492179594345e-5, 8.002840187693237e-5
96.0, 0.00016312742121189398, 7.323145371386813e-5, 8.989596749802585e-5
98.0, 0.00017889276310533703, 7.735698717769928e-5, 0.00010153577592763774
100.0, 0.0001980034317154479, 8.247621046345625e-5, 0.00011552722125199166
102.0, 0.00022138592594157702, 8.879036709616423e-5, 0.0001325955588454128
104.0, 0.0002501366395514236, 9.657480924692785e-5, 0.00015356183030449576
106.0, 0.0002853819017892898, 0.00010620300127535661, 0.0001791789005139332
108.0, 0.00032812149293548216, 0.00011817962473693796, 0.0002099418681985442
110.0, 0.0003793231644207713, 0.0001331887616974452, 0.0002461344027233261
112.0, 0.00044006998652199275, 0.00015216122886687548, 0.00028790875765511727
114.0, 0.0005108600131499382, 0.00017634793724676754, 0.00033451207590317066
116.0, 0.0005901787672931328, 0.00020736649250506107, 0.0003828122747880717
118.0, 0.0006747989225211946, 0.000247191865880126, 0.0004276070566410686
120.0, 0.000762990954064984, 0.00029802902738389593, 0.00046496192668108805
122.0, 0.0008553725208460749, 0.00036171719691735634, 0.0004936553239287186
124.0, 0.0009494652627112504, 0.0004377932698740844, 0.000511671992837166
126.0, 0.0010341368359563046, 0.0005195379510657335, 0.0005145988848905711
128.0, 0.0010945190625612179, 0.0005901761787817623, 0.0005043428837794556
130.0, 0.0011263998292181145, 0.0006265486038714235, 0.000499851225346691
132.0, 0.0011403846458523225, 0.0006150604649791641, 0.0005253241808731584
134.0, 0.0011514199849342662, 0.0005650212358355657, 0.0005863987490987005
136.0, 0.001171181236791279, 0.0004995301040552994, 0.0006716511327359795
138.0, 0.001205940176803598, 0.00043777828852783714, 0.0007681618882757608
140.0, 0.0012544185875177016, 0.0003892028472632912, 0.0008652157402544104
142.0, 0.0013053579289569062, 0.00035612579292139217, 0.0009492321360355141
144.0, 0.0013374365865483674, 0.0003369485819525667, 0.0010004880045958006
146.0, 0.0013299096051916561, 0.0003281705957371367, 0.0010017390094545194
148.0, 0.001276684896377553, 0.0003255946261083148, 0.0009510902702692383
150.0, 0.0011883430455916335, 0.00032508500322904206, 0.0008632580423625914
152.0, 0.0010832161310692751, 0.0003234233471588078, 0.0007597927839104674
154.0, 0.000977299542940406, 0.00031889494647049704, 0.000658404596469909
156.0, 0.0008802307650426152, 0.00031093618891928293, 0.0005692945761233322
158.0, 0.0007962544772007907, 0.0002999505148895684, 0.0004963039623112223
160.0, 0.0007267887492805728, 0.0002882604393383343, 0.00043852830994223853
162.0, 0.0006728808902167547, 0.0002795941889818709, 0.00039328670123488387
164.0, 0.0006352431404068552, 0.0002762936196924839, 0.00035894952071437126
166.0, 0.0006115021577112187, 0.00027740717833151695, 0.0003340949793797018
168.0, 0.000594187198699635, 0.00027863527788772065, 0.00031555192081191436
170.0, 0.0005739256538133756, 0.00027477645038740333, 0.00029914920342597227
172.0, 0.0005458796095417106, 0.0002637301115955648, 0.0002821494979461458
174.0, 0.0005116620401034899, 0.0002474567322730892, 0.00026420530783040076
176.0, 0.0004758770926440298, 0.000229408077703528, 0.00024646901494050177
178.0, 0.0004424231791917768, 0.0002122825828230064, 0.0002301405963687704
180.0, 0.00041308896745495847, 0.0001975299774597681, 0.00021555898999519037
182.0, 0.0003877106144986487, 0.00018566592471019316, 0.0002020446897884555
184.0, 0.0003648750549359833, 0.0001767434984152096, 0.0001881315565207737
186.0, 0.0003431504628319697, 0.00017086043048122944, 0.00017229003235074027
188.0, 0.0003220865663439557, 0.00016839426483056393, 0.00015369230151339176
190.0, 0.0003022009965422045, 0.00016984987030111177, 0.00013235112624109275
192.0, 0.0002843203991388152, 0.00017570785627737945, 0.00010861254286143577
194.0, 0.0002687377077846423, 0.00018652376837503606, 8.221393940960626e-5
196.0, 0.0002550953664936582, 0.00020313276600406526, 5.196260048959296e-5
198.0, 0.00024283212797153594, 0.00022635979293011865, 1.6472335041417286e-5
200.0, 0.000231286518169806, 0.0002554976056773748, -2.4211087507568766e-5
202.0, 0.0002200576061447802, 0.00028604036791296343, -6.598276176818322e-5
204.0, 0.00020934983541292246, 0.0003096231109661459, -0.00010027327555322345
206.0, 0.00019903268221598198, 0.0003188527586492444, -0.00011982007643326242
208.0, 0.00018804192757506424, 0.0003123950153220943, -0.00012435308774703008
210.0, 0.00017543148601772255, 0.00029418071611763243, -0.00011874923009990988
212.0, 0.00016144492121625083, 0.00026951244412952153, -0.0001080675229132707
214.0, 0.00014714091052941256, 0.0002426288761262384, -9.548796559682583e-5
216.0, 0.00013341727027121642, 0.00021620626525752228, -8.278899498630587e-5
218.0, 0.00012069179320506072, 0.00019182972638691104, -7.113793318185032e-5
220.0, 0.00010919256330356422, 0.00017059636730692502, -6.14038040033608e-5
222.0, 9.92644520207757e-5, 0.00015342800186981734, -5.416354984904164e-5
224.0, 9.131856976200695e-5, 0.0001411085394158954, -4.978996965388844e-5
226.0, 8.563779154364803e-5, 0.00013399887929570068, -4.836108775205265e-5
228.0, 8.220196497394727e-5, 0.00013156530927700835, -4.936334430306107e-5
230.0, 8.061294336121914e-5, 0.00013216018279466635, -5.15472394334472e-5
232.0, 8.01935365823591e-5, 0.00013332828814161042, -5.3134751559251326e-5
234.0, 8.023230039342454e-5, 0.00013274236925396094, -5.25100688605364e-5
236.0, 8.025744079495521e-5, 0.00012933974904855383, -4.908230825359862e-5
238.0, 8.012121135292911e-5, 0.00012360732121882885, -4.348610986589974e-5
240.0, 7.986102708656957e-5, 0.00011681965667402293, -3.695862958745336e-5
242.0, 7.953967424594427e-5, 0.00011018441225615673, -3.064473801021246e-5
244.0, 7.919630104243687e-5, 0.00010444313841703404, -2.524683737459716e-5
246.0, 7.885989142421916e-5, 9.991634636693246e-5, -2.10564549427133e-5
248.0, 7.858758537016613e-5, 9.679257318677821e-5, -1.820498781661208e-5
250.0, 7.846564718603855e-5, 9.526210723193997e-5, -1.6796460045901418e-5
252.0, 7.85312113045247e-5, 9.544891442870578e-5, -1.6917703124181085e-5
254.0, 7.864350406184222e-5, 9.731454352833428e-5, -1.8671039466492057e-5
256.0, 7.842708392703278e-5, 0.00010059709322086476, -2.217000929383198e-5
258.0, 7.72877881559082e-5, 0.000104774520896132, -2.7486732740223803e-5
260.0, 7.463338991336004e-5, 0.00010917036524626539, -3.453697533290535e-5
262.0, 7.028638177785293e-5, 0.00011338360555633469, -4.309722377848176e-5
264.0, 6.489351865397044e-5, 0.00011799952716968168, -5.310600851571124e-5
266.0, 5.978335733131338e-5, 0.00012454834066612282, -6.476498333480944e-5
268.0, 5.600736090591692e-5, 0.00013393255709501957, -7.792519618910265e-5
270.0, 5.365601246314804e-5, 0.00014503300100968464, -9.13769885465366e-5
272.0, 5.207272043928377e-5, 0.000155141540116417, -0.00010306881967713324
274.0, 5.04947770819607e-5, 0.00016148423860615172, -0.00011098946152419102
276.0, 4.844372327271417e-5, 0.00016202104045480884, -0.00011357731718209468
278.0, 4.5757719265795296e-5, 0.00015590627240850315, -0.00011014855314270786
280.0, 4.258054053207479e-5, 0.00014449560765851651, -0.00010191506712644172
282.0, 3.9253565915141434e-5, 0.00013101164160602246, -9.175807569088102e-5
284.0, 3.612903466856572e-5, 0.00011870758496657206, -8.257855029800634e-5
286.0, 3.34233132511237e-5, 0.00010963493028014988, -7.621161702902619e-5
288.0, 3.1170836372791426e-5, 0.00010444435821750879, -7.327352184471737e-5
290.0, 2.9315049678021713e-5, 0.00010262489750115345, -7.330984782313174e-5
292.0, 2.77847494026399e-5, 0.0001029786070873952, -7.51938576847553e-5
294.0, 2.6552202841366377e-5, 0.00010437350862869566, -7.78213057873293e-5
296.0, 2.565421569376026e-5, 0.00010634684185531094, -8.069262616155069e-5
298.0, 2.516957316076485e-5, 0.00010906577050803461, -8.389619734726976e-5
300.0, 2.520172133581837e-5, 0.00011315918794062168, -8.795746660480331e-5
302.0, 2.5817866510708916e-5, 0.00011961618403367521, -9.379831752296629e-5
304.0, 2.6976691770861294e-5, 0.00012910695537217314, -0.00010213026360131185
306.0, 2.8431247080942985e-5, 0.00014089120501963078, -0.0001124599579386878
308.0, 2.9651508179096508e-5, 0.0001522418275650114, -0.00012259031938591488
310.0, 2.9969250417596277e-5, 0.0001595176490297783, -0.00012954839861218203
312.0, 2.898339838212187e-5, 0.00016085033428054038, -0.0001318669358984185
314.0, 2.6869762529013178e-5, 0.00015775332747323059, -0.0001308835649442174
316.0, 2.4224787727000647e-5, 0.0001539393101498394, -0.00012971452242283875
318.0, 2.1626415727284004e-5, 0.00015304275372463784, -0.00013141633799735382
320.0, 1.941265038067724e-5, 0.00015724000856249723, -0.00013782735818181999
322.0, 1.771604101507289e-5, 0.0001666689935805069, -0.00014895295256543402
324.0, 1.6531478590590977e-5, 0.00017910344071897066, -0.00016257196212837968
326.0, 1.5759925186141995e-5, 0.00019070660859192088, -0.0001749466834057789
328.0, 1.5253197766655306e-5, 0.0001981656282667471, -0.0001829124305000918
330.0, 1.4879184579601948e-5, 0.00020034147195475003, -0.00018546228737514807
332.0, 1.4563725127088569e-5, 0.00019803396583094709, -0.00018347024070385851
334.0, 1.4265161183938629e-5, 0.00019268593986594595, -0.00017842077868200732
336.0, 1.395402466513732e-5, 0.00018541486907242685, -0.00017146084440728952
338.0, 1.361897206838533e-5, 0.0001768381570884457, -0.00016321918502006037
340.0, 1.3239184025553344e-5, 0.00016741638415520912, -0.00015417720012965577
342.0, 1.2791089412585275e-5, 0.00015773753716254806, -0.00014494644774996278
344.0, 1.229076670318253e-5, 0.00014856750466781587, -0.00013627673796463334
346.0, 1.1771154444379076e-5, 0.000140454672667556, -0.00012868351822317692
348.0, 1.1259961633737533e-5, 0.00013353234664569867, -0.00012227238501196115
350.0, 1.0792792629260816e-5, 0.00012765935000545194, -0.00011686655737619113
352.0, 1.0401511666796185e-5, 0.00012251866832820732, -0.00011211715666141114
354.0, 1.008314844050298e-5, 0.00011773160521125079, -0.00010764845677074781
356.0, 9.801753013666141e-6, 0.00011301928769944602, -0.00010321753468577988
358.0, 9.535118235746915e-6, 0.00010828421143816144, -9.874909320241452e-5
360.0, 9.282138225095812e-6, 0.00010360624648072251, -9.43241082556267e-5
362.0, 9.030891690333025e-6, 9.915365426440981e-5, -9.012276257407679e-5
364.0, 8.778148512923921e-6, 9.515792922169316e-5, -8.637978070876923e-5
366.0, 8.545943891845534e-6, 9.195766939563975e-5, -8.341172550379421e-5
368.0, 8.339597209689719e-6, 8.998013914197168e-5, -8.164054193228197e-5
370.0, 8.145277833209534e-6, 8.971903103827789e-5, -8.157375320506836e-5
372.0, 7.970925992448562e-6, 9.172911975896138e-5, -8.375819376651281e-5
374.0, 7.828197057641372e-6, 9.64535822491051e-5, -8.862538519146373e-5
376.0, 7.695838086392435e-6, 0.00010381914688489076, -9.612330879849832e-5
378.0, 7.550263035812427e-6, 0.00011267948851175158, -0.00010512922547593915
380.0, 7.393715957769058e-6, 0.0001207281902366853, -0.00011333447427891625
382.0, 7.223816041525869e-6, 0.0001257132352913541, -0.00011848941924982822
384.0, 7.0346952145809955e-6, 0.00012695252464923963, -0.00011991782943465863
386.0, 6.842485962887429e-6, 0.0001253071847844298, -0.00011846469882154236
388.0, 6.6575917575170925e-6, 0.00012202390127314031, -0.00011536630951562322
390.0, 6.461871050240157e-6, 0.0001181938738605461, -0.00011173200281030594
392.0, 6.238975968517535e-6, 0.00011475902438923526, -0.00010852004842071772
394.0, 5.986877404736776e-6, 0.00011234741024969979, -0.00010636053284496301
396.0, 5.710379330343924e-6, 0.00011138507681471176, -0.00010567469748436783
398.0, 5.4271047709191835e-6, 0.00011202051719751847, -0.00010659341242659929
400.0, 5.1543410593290265e-6, 0.00011361598359191723, -0.0001084616425325882
402.0, 4.895838235222347e-6, 0.00011504225110115792, -0.00011014641286593557
404.0, 4.6570172045012205e-6, 0.00011573561970803912, -0.0001110786025035379
406.0, 4.447024396235123e-6, 0.00011568475298657504, -0.00011123772859033992
408.0, 4.2656147685168185e-6, 0.00011487852223836008, -0.00011061290746984327
410.0, 4.1094756084124185e-6, 0.00011349762793431281, -0.00010938815232590039
412.0, 3.9758620506397476e-6, 0.00011182037081521614, -0.00010784450876457639
414.0, 3.855064638721024e-6, 0.00010991781223024129, -0.00010606274759152027
416.0, 3.7381464168478182e-6, 0.00010790113977210407, -0.00010416299335525626
418.0, 3.6260347704532454e-6, 0.0001059524751652933, -0.00010232644039484006
420.0, 3.518900777729871e-6, 0.00010400896493249497, -0.0001004900641547651
422.0, 3.4125845057674387e-6, 0.00010198475353580922, -9.857216903004179e-5
424.0, 3.3097884446966084e-6, 0.00010003505448907546, -9.672526604437885e-5
426.0, 3.2172936032498263e-6, 9.820628321756473e-5, -9.49889896143149e-5
428.0, 3.1342821527450454e-6, 9.637776781462276e-5, -9.324348566187771e-5
430.0, 3.05483131062996e-6, 9.460776415213448e-5, -9.155293284150453e-5
432.0, 2.9772827096638575e-6, 9.295276484077448e-5, -8.997548213111062e-5
434.0, 2.9034005520289862e-6, 9.120493686325535e-5, -8.830153631122637e-5
436.0, 2.8305829607047154e-6, 8.926716984547704e-5, -8.643658688477232e-5
438.0, 2.753886107566432e-6, 8.72854813689176e-5, -8.453159526135116e-5
440.0, 2.6743421807637583e-6, 8.529676339827354e-5, -8.262242121750979e-5
442.0, 2.5964842868594598e-6, 8.32923745180145e-5, -8.069589023115504e-5
444.0, 2.520400617688581e-6, 8.15097372432384e-5, -7.898933662554982e-5
446.0, 2.444379266024056e-6, 8.010768955331954e-5, -7.766331028729548e-5
448.0, 2.3716795485770925e-6, 7.89418625622918e-5, -7.65701830137147e-5
450.0, 2.305856484180634e-6, 7.788008900936111e-5, -7.557423252518048e-5
452.0, 2.2438076877589327e-6, 7.684032433577613e-5, -7.45965166480172e-5
454.0, 2.180559566622481e-6, 7.554117491231307e-5, -7.336061534569058e-5
456.0, 2.116084385798577e-6, 7.364137327258394e-5, -7.152528888678536e-5
458.0, 2.052233988857975e-6, 7.12147042740102e-5, -6.916247028515222e-5
460.0, 1.9876955557790722e-6, 6.865364497135098e-5, -6.66659494155719e-5
462.0, 1.921654377613782e-6, 6.60878908986771e-5, -6.416623652106332e-5
464.0, 1.8580836750521849e-6, 6.339011410803139e-5, -6.153203043297921e-5
466.0, 1.8006167878457183e-6, 6.05699668270887e-5, -5.8769350039242986e-5
468.0, 1.7469266757961973e-6, 5.766625609516833e-5, -5.5919329419372136e-5
470.0, 1.6931035224503285e-6, 5.454529213744452e-5, -5.285218861499419e-5
472.0, 1.6398142385669252e-6, 5.113483105641236e-5, -4.9495016817845435e-5
474.0, 1.5891033596213467e-6, 4.7536222270829394e-5, -4.594711891120805e-5
476.0, 1.5393250485873733e-6, 4.385461637022989e-5, -4.231529132164252e-5
478.0, 1.4880477275577676e-6, 4.012380926322093e-5, -3.863576153566316e-5
480.0, 1.4367711577152768e-6, 3.638606210366904e-5, -3.4949290945953765e-5
482.0, 1.38831612379402e-6, 3.272447173168262e-5, -3.13361556078886e-5
484.0, 1.3421726544865797e-6, 2.922336011797422e-5, -2.788118746348764e-5
486.0, 1.2960578033080025e-6, 2.5940946213570586e-5, -2.4644888410262582e-5
488.0, 1.2502702680136625e-6, 2.2920975893931374e-5, -2.167070562591771e-5
490.0, 1.2065587835460475e-6, 2.0187489667869473e-5, -1.8980930884323426e-5
492.0, 1.1642632820718066e-6, 1.7737595866949827e-5, -1.657333258487802e-5
494.0, 1.1210522827732012e-6, 1.556606504493571e-5, -1.4445012762162507e-5
496.0, 1.0769155932715619e-6, 1.3674850406197154e-5, -1.2597934812925592e-5
498.0, 1.034085515918977e-6, 1.2056105586315666e-5, -1.1022020070396688e-5
500.0, 9.93700712497434e-7, 1.0681220654266068e-5, -9.687519941768634e-6
502.0, 9.550228857727446e-7, 9.518008543684275e-6, -8.56298565791153e-6
504.0, 9.179751347496407e-7, 8.5415182972924e-6, -7.62354316254276e-6
506.0, 8.835129742125115e-7, 7.72659667963573e-6, -6.843083705423219e-6
508.0, 8.5122355014665e-7, 7.045033597289287e-6, -6.193810047142637e-6
510.0, 8.192862708524622e-7, 6.4698994599094385e-6, -5.6506131890569766e-6
512.0, 7.873218111061444e-7, 5.978926527717104e-6, -5.191604716610959e-6
514.0, 7.567363862696803e-7, 5.554971811481199e-6, -4.798235425211519e-6
516.0, 7.282673879433971e-7, 5.185011402054588e-6, -4.456744014111191e-6
518.0, 7.016051308169717e-7, 4.859083467463395e-6, -4.157478336646423e-6
520.0, 6.767891643326207e-7, 4.569540346195698e-6, -3.8927511818630775e-6
522.0, 6.542740330636114e-7, 4.310451480465859e-6, -3.6561774474022473e-6
524.0, 6.342079330753536e-7, 4.077130461275728e-6, -3.442922528200374e-6
526.0, 6.163434037085998e-7, 3.865815194832534e-6, -3.249471791123934e-6
528.0, 6.00291541941629e-7, 3.6734530253871498e-6, -3.073161483445521e-6
530.0, 5.856885208966588e-7, 3.497543531558113e-6, -2.911855010661454e-6
532.0, 5.722442280250398e-7, 3.336019206331351e-6, -2.7637749783063114e-6
534.0, 5.597395784847321e-7, 3.187154642538786e-6, -2.627415064054054e-6
536.0, 5.480110835970801e-7, 3.049497346724098e-6, -2.501486263127018e-6
538.0, 5.369359446586799e-7, 2.921814720634075e-6, -2.3848787759753953e-6
540.0, 5.264205939016966e-7, 2.8030530639392282e-6, -2.276632470037532e-6
542.0, 5.163924987509321e-7, 2.692305548233858e-6, -2.1759130494829257e-6
544.0, 5.067944268748255e-7, 2.588786942158106e-6, -2.08199251528328e-6
546.0, 4.975804373702652e-7, 2.491813468545183e-6, -1.9942330311749178e-6
548.0, 4.887130550022917e-7, 2.400786603858405e-6, -1.912073548856113e-6
550.0, 4.80161253072788e-7, 2.315179937015402e-6, -1.8350186839426137e-6
552.0, 4.7189899272302916e-7, 2.234528425475414e-6, -1.7626294327523845e-6
554.0, 4.6390414943892033e-7, 2.1584195468450576e-6, -1.6945153974061374e-6
556.0, 4.5615771257186364e-7, 2.0864859619809756e-6, -1.630328249409112e-6
558.0, 4.4864318005100686e-7, 2.0183993928882957e-6, -1.5697562128372889e-6
560.0, 4.4134609459505143e-7, 1.9538654841429057e-6, -1.5125193895478542e-6
562.0, 4.342536838937762e-7, 1.8926194660667741e-6, -1.458365782172998e-6
564.0, 4.2735457817677393e-7, 1.8344224756792163e-6, -1.4070678975024423e-6
566.0, 4.206385860941255e-7, 1.7790584205507592e-6, -1.3584198344566337e-6
568.0, 4.140965150473706e-7, 1.7263312932797206e-6, -1.31223477823235e-6
570.0, 4.077200257756713e-7, 1.676062861984741e-6, -1.2683428362090697e-6
572.0, 4.0150151361232597e-7, 1.6280906761298874e-6, -1.2265891625175614e-6
574.0, 3.954340107071401e-7, 1.5822663380423383e-6, -1.1868323273351981e-6
576.0, 3.8951110488009215e-7, 1.53845399929756e-6, -1.148942894417468e-6
578.0, 3.837268717805827e-7, 1.496529048225388e-6, -1.1128021764448052e-6
580.0, 3.780758177771595e-7, 1.4563769605069797e-6, -1.0783011427298201e-6
582.0, 3.7255283156649567e-7, 1.4178922894741884e-6, -1.0453394579076926e-6
584.0, 3.6715314291795106e-7, 1.3809777765109756e-6, -1.0138246335930245e-6
586.0, 3.6187228729705184e-7, 1.3455435650630627e-6, -9.836712777660107e-7
588.0, 3.5670607536341427e-7, 1.3115065043215017e-6, -9.548004289580875e-7
590.0, 3.5165056653465073e-7, 1.2787895307639118e-6, -9.27138964229261e-7
592.0, 3.4670204596129606e-7, 1.2473211174972752e-6, -9.006190715359791e-7
594.0, 3.418570043788337e-7, 1.2170347828147819e-6, -8.751777784359481e-7
596.0, 3.3711212039900873e-7, 1.1878686506092762e-6, -8.507565302102675e-7
598.0, 3.3246424487939653e-7, 1.1597650563198938e-6, -8.273008114404973e-7
600.0, 3.2791038707192385e-7, 1.1326701929608287e-6, -8.047598058889049e-7
602.0, 3.2344770230094337e-7, 1.1065337925195638e-6, -7.830860902186204e-7
604.0, 3.1907348096203893e-7, 1.0813088386389733e-6, -7.622353576769344e-7
606.0, 3.147851386658975e-7, 1.0569513070318659e-6, -7.421661683659684e-7
608.0, 3.1058020737882164e-7, 1.0334199305329364e-6, -7.228397231541148e-7
610.0, 3.0645632743394003e-7, 1.0106759860841759e-6, -7.042196586502358e-7
612.0, 3.0241124030581083e-7, 9.886831012858168e-7, -6.86271860980006e-7
614.0, 2.9844278205664093e-7, 9.67407078434399e-7, -6.689642963777581e-7
616.0, 2.9454887737532565e-7, 9.468157342196055e-7, -6.522668568442798e-7
618.0, 2.907275341414179e-7, 9.268787534680616e-7, -6.361512193266438e-7
620.0, 2.8697683845532834e-7, 9.07567555510239e-7, -6.205907170549107e-7
622.0, 2.832949500838361e-7, 8.888551719101338e-7, -6.055602218262978e-7
624.0, 2.796800982765943e-7, 8.707161344399628e-7, -5.910360361633685e-7
626.0, 2.761305779149462e-7, 8.531263723067389e-7, -5.769957943917927e-7
628.0, 2.726447459591795e-7, 8.360631177466781e-7, -5.634183717874986e-7
630.0, 2.692210181644762e-7, 8.195048191991484e-7, -5.502838010346723e-7
632.0, 2.6585786603936767e-7, 8.034310613560337e-7, -5.37573195316666e-7
634.0, 2.6255381402357377e-7, 7.878224914565487e-7, -5.252686774329749e-7
636.0, 2.593074368647557e-7, 7.726607512629686e-7, -5.133533143982129e-7
638.0, 2.561173571760183e-7, 7.579284142105959e-7, -5.018110570345776e-7
640.0, 2.529822431580038e-7, 7.436089272765293e-7, -4.906266841185256e-7
642.0, 2.4990080647116763e-7, 7.296865571572442e-7, -4.797857506860766e-7
644.0, 2.4687180024535803e-7, 7.161463403854041e-7, -4.6927454014004607e-7
646.0, 2.438940172151667e-7, 7.029740370522565e-7, -4.5908001983708975e-7
648.0, 2.409662879706944e-7, 6.901560878340268e-7, -4.491897998633324e-7
650.0, 2.3808747931442022e-7, 6.776795740493281e-7, -4.395920947349079e-7
652.0, 2.3525649271577874e-7, 6.655321805001907e-7, -4.3027568778441194e-7
654.0, 2.3247226285586535e-7, 6.537021608722158e-7, -4.212298980163504e-7
656.0, 2.2973375625540958e-7, 6.421783054898958e-7, -4.1244454923448624e-7
658.0, 2.2703996997979874e-7, 6.309499112415878e-7, -4.039099412617891e-7
660.0, 2.2438993041550645e-7, 6.200067535051939e-7, -3.9561682308968746e-7
662.0, 2.217826921127872e-7, 6.093390599205369e-7, -3.8755636780774974e-7
664.0, 2.1921733668995815e-7, 5.989374858678626e-7, -3.797201491779044e-7
666.0, 2.1669297179499452e-7, 5.887930915240439e-7, -3.721001197290494e-7
668.0, 2.1420873012053304e-7, 5.788973203790246e-7, -3.6468859025849157e-7
670.0, 2.117637684687065e-7, 5.692419791049696e-7, -3.574782106362631e-7
672.0, 2.0935726686253005e-7, 5.598192186795677e-7, -3.5046195181703767e-7
674.0, 2.0698842770082687e-7, 5.506215166730824e-7, -3.436330889722556e-7
676.0, 2.0465647495392274e-7, 5.416416606161403e-7, -3.3698518566221756e-7
678.0, 2.0236065339755833e-7, 5.32872732371966e-7, -3.305120789744077e-7
680.0, 2.0010022788266575e-7, 5.243080934428824e-7, -3.242078655602167e-7
682.0, 1.9787448263883674e-7, 5.159413711464591e-7, -3.1806688850762243e-7
684.0, 1.9568272060947277e-7, 5.077664456017657e-7, -3.1208372499229294e-7
686.0, 1.9352426281675687e-7, 4.997774374708091e-7, -3.0625317465405227e-7
688.0, 1.9139844775472333e-7, 4.919686964044621e-7, -3.0057024864973875e-7
690.0, 1.89304630808824e-7, 4.843347901460496e-7, -2.950301593372256e-7
692.0, 1.872421837005052e-7, 4.768704942492966e-7, -2.8962831054879137e-7
694.0, 1.852104939554117e-7, 4.6957078237056767e-7, -2.8436028841515597e-7
696.0, 1.8320896439392986e-7, 4.624308170983047e-7, -2.792218527043748e-7
698.0, 1.8123701264286994e-7, 4.5544594128527727e-7, -2.742089286424073e-7
700.0, 1.7929407066716598e-7, 4.4861166985176787e-7, -2.693175991846019e-7
702.0, 1.7737958432054902e-7, 4.4192368203009925e-7, -2.6454409770955023e-7
704.0, 1.7549301291421228e-7, 4.3537781402302694e-7, -2.598848011088147e-7
706.0, 1.736338288025555e-7, 4.289700520504581e-7, -2.5533622324790263e-7
708.0, 1.7180151698514838e-7, 4.22696525760748e-7, -2.5089500877559964e-7
710.0, 1.6999557472410954e-7, 4.165535019844731e-7, -2.465579272603636e-7
712.0, 1.6821551117614688e-7, 4.1053737881009907e-7, -2.423218676339522e-7
714.0, 1.664608470385488e-7, 4.046446799623661e-7, -2.381838329238173e-7
716.0, 1.6473111420846093e-7, 3.988720494655125e-7, -2.3414093525705158e-7
718.0, 1.6302585545482056e-7, 3.9321624657465157e-7, -2.30190391119831e-7
720.0, 1.6134462410235915e-7, 3.876741409597302e-7, -2.2632951685737107e-7
722.0, 1.596869837271151e-7, 3.822427081275203e-7, -2.2255572440040524e-7
724.0, 1.5805250786293343e-7, 3.7691902506804663e-7, -2.188665172051132e-7
726.0, 1.5644077971845656e-7, 3.7170026611273615e-7, -2.152594863942796e-7
728.0, 1.548513919041383e-7, 3.6658369899238974e-7, -2.1173230708825144e-7
730.0, 1.532839461688394e-7, 3.615666810838382e-7, -2.0828273491499882e-7
732.0, 1.5173805314558669e-7, 3.566466558348461e-7, -2.049086026892594e-7
734.0, 1.5021333210610002e-7, 3.518211493574844e-7, -2.0160781725138438e-7
736.0, 1.4870941072371227e-7, 3.4708776718080015e-7, -1.9837835645708788e-7
738.0, 1.472259248443281e-7, 3.4244419115417884e-7, -1.9521826630985075e-7
740.0, 1.4576251826508407e-7, 3.3788817649332116e-7, -1.921256582282371e-7
742.0, 1.4431884252039155e-7, 3.3341754896124727e-7, -1.8909870644085572e-7
744.0, 1.4289455667505854e-7, 3.2903020217720323e-7, -1.861356455021447e-7
746.0, 1.4148932712420356e-7, 3.2472409504676325e-7, -1.8323476792255969e-7
748.0, 1.4010282739968695e-7, 3.204972493068281e-7, -1.8039442190714117e-7
750.0, 1.3873473798279973e-7, 3.1634774717958727e-7, -1.7761300919678753e-7
752.0, 1.3738474612296336e-7, 3.122737291298597e-7, -1.7488898300689632e-7
754.0, 1.3605254566220308e-7, 3.082733917205554e-7, -1.722208460583523e-7
756.0, 1.347378368651724e-7, 3.043449855613006e-7, -1.6960714869612818e-7
758.0, 1.3344032625451307e-7, 3.004868133455552e-7, -1.670464870910421e-7
760.0, 1.3215972645134841e-7, 2.966972279718152e-7, -1.6453750152046678e-7
762.0, 1.3089575602071435e-7, 2.9297463074474416e-7, -1.620788747240298e-7
764.0, 1.296481393217433e-7, 2.8931746965230804e-7, -1.5966933033056475e-7
766.0, 1.2841660636242364e-7, 2.8572423771520763e-7, -1.57307631352784e-7
768.0, 1.27200892658766e-7, 2.8219347140510887e-7, -1.5499257874634285e-7
770.0, 1.2600073909821402e-7, 2.7872374912836085e-7, -1.5272301003014682e-7
772.0, 1.248158918071463e-7, 2.7531368977207396e-7, -1.5049779796492766e-7
774.0, 1.2364610202232071e-7, 2.719619513095999e-7, -1.483158492872792e-7
776.0, 1.2249112596612074e-7, 2.6866722946261243e-7, -1.461761034964917e-7
778.0, 1.2135072472546785e-7, 2.654282564171409e-7, -1.4407753169167304e-7
780.0, 1.2022466413427124e-7, 2.622437995910448e-7, -1.4201913545677354e-7
782.0, 1.1911271465929054e-7, 2.591126604505548e-7, -1.3999994579126424e-7
784.0, 1.1801465128929258e-7, 2.5603367337362584e-7, -1.3801902208433326e-7
786.0, 1.1693025342738908e-7, 2.5300570455796786e-7, -1.3607545113057879e-7
788.0, 1.1585930478644526e-7, 2.5002765097172945e-7, -1.341683461852842e-7
790.0, 1.1480159328745562e-7, 2.470984393449128e-7, -1.322968460574572e-7
792.0, 1.1375691096078548e-7, 2.4421702519969803e-7, -1.3046011423891253e-7
794.0, 1.1272505385018299e-7, 2.413823919179461e-7, -1.2865733806776313e-7
796.0, 1.117058219194682e-7, 2.3859354984423756e-7, -1.2688772792476935e-7
798.0, 1.1069901896181088e-7, 2.358495354228853e-7, -1.2515051646107442e-7
800.0, 1.0970445251151151e-7, 2.3314941036743993e-7, -1.2344495785592842e-7
802.0, 1.0872193375820359e-7, 2.3049226086127656e-7, -1.2177032710307298e-7
804.0, 1.0775127746339831e-7, 2.2787719678792296e-7, -1.2012591932452466e-7
806.0, 1.0679230187929574e-7, 2.2530335098985476e-7, -1.1851104911055902e-7
808.0, 1.0584482866978993e-7, 2.227698785545438e-7, -1.1692504988475387e-7
810.0, 1.0490868283359746e-7, 2.2027595612660562e-7, -1.1536727329300817e-7
812.0, 1.0398369262944223e-7, 2.1782078124494772e-7, -1.1383708861550548e-7
814.0, 1.0306968950323139e-7, 2.1540357170387048e-7, -1.1233388220063909e-7
816.0, 1.0216650801715969e-7, 2.1302356493712525e-7, -1.1085705691996556e-7
818.0, 1.0127398578068271e-7, 2.1068001742397894e-7, -1.0940603164329623e-7
820.0, 1.0039196338330008e-7, 2.0837220411637982e-7, -1.0798024073307974e-7
822.0, 9.952028432909335e-8, 2.060994178863613e-7, -1.0657913355726795e-7
824.0, 9.865879497296453e-8, 2.0386096899286062e-7, -1.0520217401989609e-7
826.0, 9.780734445852318e-8, 2.0165618456716677e-7, -1.0384884010864359e-7
828.0, 9.696578465757242e-8, 1.994844081162491e-7, -1.0251862345867667e-7
830.0, 9.613397011114493e-8, 1.9734499904325032e-7, -1.0121102893210539e-7
832.0, 9.531175797204293e-8, 1.9523733218446236e-7, -9.992557421241943e-8
834.0, 9.449900794883686e-8, 1.931607973621319e-7, -9.866178941329505e-8
836.0, 9.369558225127951e-8, 1.9111479895247344e-7, -9.741921670119393e-8
838.0, 9.29013455370936e-8, 1.8909875546829466e-7, -9.619740993120106e-8
840.0, 9.211616486009265e-8, 1.8711209915566594e-7, -9.49959342955733e-8
842.0, 9.133990961959574e-8, 1.8515427560408858e-7, -9.381436598449284e-8
844.0, 9.05724515110987e-8, 1.8322474336964425e-7, -9.265229185854555e-8
846.0, 8.981366447816524e-8, 1.813229736106273e-7, -9.150930913246205e-8
848.0, 8.906342466550271e-8, 1.7944844973518348e-7, -9.038502506968078e-8
850.0, 8.832161037318856e-8, 1.776006670605024e-7, -8.927905668731385e-8
852.0, 8.75881020120148e-8, 1.757791324831255e-7, -8.81910304711107e-8
854.0, 8.686278205991819e-8, 1.7398336415995418e-7, -8.712058210003599e-8
856.0, 8.614553501946577e-8, 1.7221289119955843e-7, -8.606735618009266e-8
858.0, 8.5436247376366e-8, 1.7046725336340364e-7, -8.503100598703764e-8
860.0, 8.473480755897655e-8, 1.6874600077662862e-7, -8.401119321765207e-8
862.0, 8.404110589878104e-8, 1.6704869364802489e-7, -8.300758774924385e-8
864.0, 8.33550345918077e-8, 1.653749019988795e-7, -8.20198674070718e-8
866.0, 8.267648766096399e-8, 1.637242054003603e-7, -8.104771773939632e-8
868.0, 8.200536091926178e-8, 1.6209619271913315e-7, -8.009083179987137e-8
870.0, 8.134155193390904e-8, 1.604904618709152e-7, -7.914890993700617e-8
872.0, 8.068495999124369e-8, 1.5890661958167974e-7, -7.822165959043605e-8
874.0, 8.003548606248741e-8, 1.5734428115623917e-7, -7.730879509375176e-8
876.0, 7.939303277029687e-8, 1.558030702539448e-7, -7.641003748364792e-8
878.0, 7.87575043560908e-8, 1.54282618671252e-7, -7.552511431516121e-8
880.0, 7.812880664813226e-8, 1.5278256613090824e-7, -7.465375948277598e-8
882.0, 7.750684703034578e-8, 1.5130256007753425e-7, -7.379571304718847e-8
884.0, 7.689153441185013e-8, 1.498422554793736e-7, -7.295072106752348e-8
886.0, 7.628277919718694e-8, 1.484013146359986e-7, -7.211853543881164e-8
888.0, 7.568049325722788e-8, 1.469794069917657e-7, -7.129891373453782e-8
890.0, 7.50845899007416e-8, 1.45576208954824e-7, -7.049161905408239e-8
892.0, 7.449498384660378e-8, 1.4419140372148652e-7, -6.969641987488274e-8
894.0, 7.391159119663305e-8, 1.428246811057819e-7, -6.891308990914886e-8
896.0, 7.3334329409037e-8, 1.4147573737401122e-7, -6.814140796497422e-8
898.0, 7.276311727245187e-8, 1.4014427508414116e-7, -6.738115781168929e-8
900.0, 7.219787488056125e-8, 1.3883000292987125e-7, -6.663212804931e-8
902.0, 7.16385236072784e-8, 1.3753263558921908e-7, -6.589411198194068e-8
904.0, 7.108498608247812e-8, 1.3625189357747316e-7, -6.516690749499504e-8
906.0, 7.053718616826381e-8, 1.3498750310436906e-7, -6.445031693610524e-8
908.0, 6.999504893575667e-8, 1.3373919593534963e-7, -6.374414699959296e-8
910.0, 6.945850064239312e-8, 1.3250670925677474e-7, -6.304820861438162e-8
912.0, 6.892746870971812e-8, 1.3128978554495267e-7, -6.236231683523455e-8
914.0, 6.840188170166196e-8, 1.3008817243886776e-7, -6.16862907372058e-8
916.0, 6.78816693032881e-8, 1.289016226164852e-7, -6.101995331319709e-8
918.0, 6.736676230000036e-8, 1.2772989367451762e-7, -6.036313137451725e-8
920.0, 6.685709255719857e-8, 1.265727480115422e-7, -5.971565545434363e-8
922.0, 6.635259300037069e-8, 1.2542995271436153e-7, -5.9077359713990844e-8
924.0, 6.585319759561145e-8, 1.2430127944750437e-7, -5.8448081851892916e-8
926.0, 6.535884133055663e-8, 1.231865043457677e-7, -5.782766301521106e-8
928.0, 6.486946019572275e-8, 1.2208540790970327e-7, -5.7215947713980516e-8
930.0, 6.438499116624247e-8, 1.209977749039567e-7, -5.6612783737714226e-8
932.0, 6.390537218398596e-8, 1.1992339425836967e-7, -5.601802207438371e-8
934.0, 6.3430542140059e-8, 1.1886205897175897e-7, -5.5431516831699964e-8
936.0, 6.296044085766848e-8, 1.1781356601828986e-7, -5.485312516062139e-8
938.0, 6.24950090753467e-8, 1.1677771625636277e-7, -5.428270718101607e-8
940.0, 6.203418843052574e-8, 1.1575431433993691e-7, -5.3720125909411164e-8
942.0, 6.157792144345355e-8, 1.147431686322154e-7, -5.3165247188761844e-8
944.0, 6.112615150144355e-8, 1.1374409112162031e-7, -5.2617939620176764e-8
946.0, 6.067882284345005e-8, 1.1275689733998771e-7, -5.2078074496537664e-8
948.0, 6.023588054496141e-8, 1.1178140628291568e-7, -5.154552573795427e-8
950.0, 5.979727050320381e-8, 1.1081744033220037e-7, -5.102016982899655e-8
952.0, 5.9362939422648004e-8, 1.0986482518029729e-7, -5.0501885757649284e-8
954.0, 5.8932834800812254e-8, 1.0892338975674745e-7, -4.9990554955935197e-8
956.0, 5.850690491435431e-8, 1.079929661565097e-7, -4.9486061242155384e-8
958.0, 5.808509880544578e-8, 1.0707338957014257e-7, -4.898829076469679e-8
960.0, 5.766736626842225e-8, 1.0616449821578121e-7, -4.849713194735896e-8
962.0, 5.72536578367031e-8, 1.0526613327285657e-7, -4.8012475436153467e-8
964.0, 5.6843924769974156e-8, 1.043781388175054e-7, -4.7534214047531243e-8
966.0, 5.6438119041627865e-8, 1.0350036175962209e-7, -4.706224271799423e-8
968.0, 5.603619332645459e-8, 1.0263265178150414e-7, -4.6596458455049554e-8
970.0, 5.563810098857944e-8, 1.0177486127804579e-7, -4.6136760289466344e-8
972.0, 5.5243796069639055e-8, 1.0092684529843411e-7, -4.568304922879505e-8
974.0, 5.485323327719292e-8, 1.0008846148930515e-7, -4.5235228212112225e-8
976.0, 5.44663679733638e-8, 9.925957003931796e-8, -4.479320206595416e-8
978.0, 5.408315616370226e-8, 9.844003362510605e-8, -4.4356877461403796e-8
980.0, 5.370355448627003e-8, 9.762971735856715e-8, -4.3926162872297125e-8
982.0, 5.332752020093756e-8, 9.682848873545325e-8, -4.350096853451569e-8
984.0, 5.295501117889074e-8, 9.603621758522448e-8, -4.308120640633374e-8
986.0, 5.2585985892342285e-8, 9.525277602213072e-8, -4.266679012978843e-8
988.0, 5.222040340444311e-8, 9.447803839748752e-8, -4.225763499304441e-8
990.0, 5.185822335938935e-8, 9.371188125311182e-8, -4.185365789372247e-8
992.0, 5.149940597272066e-8, 9.295418327588606e-8, -4.1454777303165395e-8
994.0, 5.114391202180557e-8, 9.220482525341909e-8, -4.106091323161352e-8
996.0, 5.079170283650988e-8, 9.14636900307738e-8, -4.067198719426392e-8
998.0, 5.044274029004385e-8, 9.073066246823159e-8, -4.0287922178187745e-8
1000.0, 5.00969867899846e-8, 9.0005629400066e-8, -3.9908642610081405e-8
